   0.00000000       10.0000000       10.7575445       10.7372789       10.6757269       10.6149149    
  0.404040396       10.8080807       11.5040932       11.4609509       11.3388624       11.2164993    
  0.808080792       11.6161613       12.2575235       12.1900520       12.0069027       11.8226709    
   1.21212125       12.4242420       13.0132914       12.9177952       12.6735353       12.4274931    
   1.61616158       13.2323227       13.7706175       13.6440392       13.3384342       13.0308857    
   2.02020192       14.0404034       14.5295029       14.3684568       14.0011044       13.6322632    
   2.42424250       14.8484850       15.2899446       15.0907707       14.6613894       14.2313366    
   2.82828283       15.6565657       16.0499973       15.8105211       15.3186588       14.8276091    
   3.23232317       16.4646454       16.8135586       16.5278435       15.9728203       15.4211187    
   3.63636351       17.2727280       17.5802364       17.2411404       16.6233120       16.0113506    
   4.04040384       18.0808067       18.3484688       17.9511662       17.2692547       16.5974865    
   4.44444418       18.8888893       19.1167011       18.6568680       17.9110146       17.1792526    
   4.84848499       19.6969700       19.8833733       19.3579121       18.5476208       17.7566757    
   5.25252533       20.5050507       20.6469307       20.0542850       19.1788540       18.3288250    
   5.65656567       21.3131313       21.4073715       20.7451363       19.8045330       18.8961067    
   6.06060600       22.1212120       22.1646938       21.4300518       20.4237881       19.4577160    
   6.46464634       22.9292927       22.9189014       22.1085072       21.0364189       20.0133133    
   6.86868668       23.7373734       23.6705322       22.7806168       21.6423168       20.5627117    
   7.27272701       24.5454540       24.4191761       23.4453468       22.2408924       21.1054840    
   7.67676735       25.3535347       25.1637421       24.1025887       22.8317909       21.6412640    
   8.08080769       26.1616154       25.9029884       24.7517262       23.4143391       22.1697807    
   8.48484802       26.9696960       26.6367989       25.3924732       23.9888287       22.6906548    
   8.88888836       27.7777767       27.3642921       26.0239544       24.5544968       23.2034740    
   9.29292870       28.5858574       28.0849323       26.6461029       25.1107292       23.7081852    
   9.69696999       29.3939400       28.7977314       27.2579918       25.6576653       24.2046661    
   10.1010103       30.2020206       29.5021114       27.8594379       26.1943245       24.6920738    
   10.5050507       31.0101013       30.1971092       28.4499264       26.7209606       25.1705170    
   10.9090910       31.8181820       30.8817177       29.0287437       27.2368526       25.6396332    
   11.3131313       32.6262627       31.5551205       29.5957260       27.7416039       26.0990410    
   11.7171717       33.4343414       32.2162895       30.1502686       28.2353439       26.5486126    
   12.1212120       34.2424240       32.8644562       30.6917858       28.7173519       26.9880524    
   12.5252523       35.0505066       33.4979095       31.2197151       29.1874008       27.4170322    
   12.9292927       35.8585854       34.1159706       31.7337360       29.6453629       27.8354301    
   13.3333330       36.6666641       34.7177391       32.2332993       30.0908165       28.2429924    
   13.7373734       37.4747467       35.3026772       32.7178917       30.5234585       28.6396141    
   14.1414137       38.2828293       35.8692245       33.1870461       30.9429131       29.0249500    
   14.5454540       39.0909081       36.4166641       33.6401825       31.3490925       29.3989487    
   14.9494944       39.8989868       36.9442368       34.0772247       31.7415581       29.7612591    
   15.3535347       40.7070694       37.4504318       34.4975548       32.1202507       30.1119328    
   15.7575750       41.5151520       37.9349022       34.9004669       32.4851151       30.4504795    
   16.1616154       42.3232307       38.3968582       35.2867470       32.8350143       30.7769184    
   16.5656567       43.1313133       38.8349037       35.6551857       33.1711082       31.0910625    
   16.9696960       43.9393921       39.2488823       36.0059929       33.4919968       31.3928185    
   17.3737373       44.7474747       39.6380424       36.3389053       33.7978401       31.6820774    
   17.7777767       45.5555534       40.0014610       36.6530380       34.0892296       31.9588547    
   18.1818180       46.3636360       40.3390846       36.9489288       34.3652687       32.2231064    
   18.5858574       47.1717148       40.6499405       37.2260742       34.6259842       32.4745750    
   18.9898987       47.9797974       40.9340630       37.4843521       34.8718948       32.7133865    
   19.3939400       48.7878799       41.1907425       37.7241364       35.1027107       32.9389114    
   19.7979794       49.5959587       41.4206200       37.9443054       35.3182068       33.1512566    
   20.2020206       49.7979813       41.6228600       38.1458664       35.5179863       33.3506012    
   20.6060600       49.3939400       41.7976341       38.3285446       35.7033272       33.5371170    
   21.0101013       48.9898987       41.9451981       38.4918594       35.8729897       33.7105026    
   21.4141407       48.5858612       42.0655289       38.6364403       36.0278168       33.8713341    
   21.8181820       48.1818161       42.1589317       38.7621613       36.1674194       34.0194931    
   22.2222214       47.7777786       42.2259827       38.8690872       36.2915611       34.1554871    
   22.6262627       47.3737373       42.2672386       38.9571304       36.4011917       34.2777710    
   23.0303020       46.9696960       42.2825050       39.0265083       36.4957237       34.3880997    
   23.4343433       46.5656586       42.2734756       39.0773964       36.5757790       34.4862137    
   23.8383827       46.1616173       42.2395325       39.1102219       36.6407509       34.5720825    
   24.2424240       45.7575760       42.1825027       39.1256485       36.6912880       34.6449356    
   24.6464634       45.3535385       42.1023254       39.1230888       36.7273788       34.7061996    
   25.0505047       44.9494934       42.0000725       39.1034889       36.7496643       34.7555618    
   25.4545441       44.5454559       41.8764992       39.0666199       36.7579994       34.7936020    
   25.8585854       44.1414146       41.7327728       39.0137863       36.7522278       34.8194237    
   26.2626266       43.7373734       41.5696793       38.9448357       36.7333374       34.8337708    
   26.6666660       43.3333359       41.3880844       38.8600731       36.7015038       34.8367844    
   27.0707073       42.9292908       41.1891327       38.7600250       36.6565552       34.8287277    
   27.4747467       42.5252533       40.9731827       38.6459656       36.5990181       34.8100204    
   27.8787880       42.1212120       40.7418175       38.5170670       36.5288620       34.7810898    
   28.2828274       41.7171707       40.4954033       38.3749580       36.4459457       34.7411194    
   28.6868687       41.3131332       40.2354393       38.2198143       36.3515129       34.6913033    
   29.0909081       40.9090919       39.9622307       38.0516319       36.2463875       34.6316452    
   29.4949493       40.5050507       39.6765251       37.8708153       36.1296120       34.5626183    
   29.8989887       40.1010132       39.3800468       37.6784439       36.0021477       34.4840469    
   30.3030300       39.6969681       39.0721664       37.4745827       35.8649750       34.3955460    
   30.7070694       39.2929306       38.7543564       37.2597313       35.7171097       34.2988815    
   31.1111107       38.8888893       38.4284515       37.0358162       35.5602798       34.1935997    
   31.5151501       38.4848480       38.0938530       36.8015976       35.3934402       34.0808487    
   31.9191914       38.0808105       37.7524223       36.5581284       35.2180710       33.9591446    
   32.3232307       37.6767693       37.4047813       36.3072205       35.0345688       33.8292809    
   32.7272720       37.2727280       37.0500183       36.0476265       34.8428955       33.6921768    
   33.1313133       36.8686867       36.6888466       35.7805824       34.6434746       33.5476532    
   33.5353546       36.4646454       36.3217812       35.5073586       34.4369545       33.3967018    
   33.9393921       36.0606079       35.9509087       35.2288132       34.2240334       33.2396240    
   34.3434334       35.6565666       35.5766335       34.9443092       34.0025215       33.0743103    
   34.7474747       35.2525253       35.1966972       34.6531296       33.7756042       32.9036827    
   35.1515160       34.8484840       34.8164749       34.3567924       33.5414886       32.7281837    
   35.5555534       34.4444466       34.4346085       34.0530853       33.3013077       32.5449944    
   35.9595947       34.0404053       34.0466766       33.7439156       33.0544930       32.3572235    
   36.3636360       33.6363640       33.6571083       33.4286041       32.8013992       32.1631737    
   36.7676773       33.2323227       33.2706566       33.1055412       32.5419922       31.9630146    
   37.1717148       32.8282852       32.8904419       32.7773933       32.2774429       31.7583160    
   37.5757561       32.4242439       32.5164566       32.4430962       32.0061760       31.5496693    
   37.9797974       32.0202026       32.1487045       32.1050835       31.7304916       31.3374462    
   38.3838387       31.6161613       31.7864056       31.7605858       31.4503670       31.1217575    
   38.7878799       31.2121201       31.4248848       31.4126778       31.1661987       30.9029465    
   39.1919174       30.8080826       31.0649223       31.0614738       30.8787651       30.6816673    
   39.5959587       30.4040413       30.7080784       30.7080784       30.5881290       30.4572735    
   40.0000000       30.0000000       30.3715019       30.3715019       30.3138809       30.2484722    
